l	222-2	213-3	223-2	204-4	214-3	224-2	322-2	332-1	313-3	323-2	333-1	304-4	314-3	324-2	334-1	422-2	432-1	4420	413-3	423-2	433-1	4430	404-4	414-3	424-2	434-1	4440
2	0.0	0.0	0.0	0.0	0.0	0.0	0.0	0.0	0.0	0.0	0.0	0.0	0.0	0.0	0.0	0.0	0.0	0.0	0.0	0.0	0.0	0.0	0.0	0.0	0.0	0.0	0.0
3	0.0	0.0	0.0	0.0	0.0	0.0	0.0	0.0	0.0	0.0	0.0	0.0	0.0	0.0	0.0	0.0	0.0	0.0	0.0	0.0	0.0	0.0	0.0	0.0	0.0	0.0	0.0
4	0.014893651844918704	-0.03083501153587513	-0.05034701033838431	0.03784541671779509	0.07282317377787424	0.08173383445518768	-0.02014261572261398	-0.05549679646864341	0.013115267166604574	0.05416306021442644	0.10539121693132732	0.009265977944244795	-0.009090401069739929	-0.056036203308845234	-0.1045714779312985	0.0018205178006010852	0.030107709268982964	0.11183077151609994	0.01152136646606548	0.01304141012009677	-0.021806887591652502	-0.11604043781060694	-0.014736346819589366	-0.0371886614101248	-0.05335956694528545	-0.03411159371242295	0.046904214333930466
5	-0.02155458427509093	0.054768011823906754	0.06044179866533864	-0.07759342889250308	-0.10538858909188753	-0.06899268037976937	0.04157311354504723	0.07017422871122653	-0.042702445190454755	-0.10042912364037322	-0.10034723040913623	0.0020772016140852465	0.04917936580026378	0.08429166275231402	0.04606556837385971	-0.019070831984693493	-0.07870423869062405	-0.12381207955446243	-0.0124120593644038	0.016811234801044128	0.07768396608270871	0.07196228433476483	0.038486527494577136	0.05815052831697389	0.04138717040460235	0.007572997564454804	0.038445050793974464
6	0.018521626034356958	-0.057519579762962694	-0.03912860701270275	0.094733026575581	0.08010395016014729	0.018233038449384367	-0.04853172685288985	-0.04984196456339625	0.06961998407687624	0.09590896245334886	0.04089297845261058	-0.0337208458479757	-0.07451045597002798	-0.0410257476002185	0.02555518171241188	0.04311135509465688	0.09340196976675945	0.07170018097688165	-0.010428867925790744	-0.06280360601771244	-0.07032098720976344	0.005194931652899214	-0.046021004195402046	-0.030892185357809767	-0.004626474234897047	-0.03239587186632697	-0.06477926504187512
7	-0.01316425781222771	0.04649137294023683	0.02094072892992278	-0.08657447403766891	-0.041641076575975475	-1.8078346843203736e-08	0.041363910672022455	0.029815914876146887	-0.07498861565300673	-0.06116793177253606	-0.012594764809665496	0.05988953244022375	0.05593124237532036	-0.008253035215966108	-0.019565992992823942	-0.054034677948617486	-0.07052381718246341	-0.03654809984539909	0.040890355003519376	0.06970398918297224	0.020922480015880356	-0.014056430246616389	0.02426701664478605	-0.005449812690627882	0.016784067066392478	0.059128990722913846	0.016537100715755853
8	0.0092168226576876	-0.034345146501358594	-0.012463416154828362	0.06869132731753966	0.019826790930151758	2.2217642902622447e-06	-0.031158550396819695	-0.019080633312787813	0.06425582057916865	0.03502093513788494	0.007141242051644578	-0.06563531209308665	-0.02471978718091651	0.016717010515458083	0.004824298301369577	0.04946489769556735	0.04626570332556154	0.02289778775182733	-0.05552214960306051	-0.04597423971206706	-3.9656331758234125e-07	0.005045250508817852	0.00595500289724312	0.007959668038767931	-0.04097208308650093	-0.033815650389129134	-0.0006770766431317386
9	-0.006555993646464518	0.0251484796317436	0.007985310017704446	-0.05209327886225578	-0.01037105906949843	-8.04855663165388e-09	0.023043315158278167	0.012853669918873042	-0.05040910353799337	-0.021789034249778107	-0.004406137956851229	0.0580887223013332	0.007111311881540503	-0.010709956414975533	-0.003094676350928324	-0.03983974489124689	-0.03166629416158156	-0.015208849723644096	0.05346146328420087	0.026014828656477154	-0.0011612325654793327	-0.003592043404618509	-0.023377123649635144	0.006768492504554359	0.0368990311997616	0.012876616447731533	0.003736833015727356
10	0.004767723293093482	-0.018618645161523863	-0.005403141211847302	0.039368339046099134	0.005828033580312146	-4.378266457018926e-09	-0.017161843896699475	-0.009017704623196388	0.03881912269825958	0.014411531274152694	0.0028956926130492213	-0.04747980678729056	-0.000363446379520827	0.007249069407264158	0.0020926410737880834	0.031110598666599893	0.022457350393143016	0.010565517431116724	-0.04529297254578502	-0.01584967437796237	0.0013810677552379108	0.0026114003329702797	0.027509529086809245	-0.01498043468531126	-0.024636347588718525	-0.008591405194686845	-0.002485417439526686
11	-0.0035450984081858454	0.014010914496986625	0.0038132893480764952	-0.030023386896088022	-0.0034668052820896788	-1.998708814732782e-09	0.012965178669337047	0.0065384281571484165	-0.029956592816305815	-0.009990733321823564	-0.0019971091052828193	0.037951992537205076	-0.0021619225534249935	-0.005116066641842892	-0.0014768746101278736	-0.024213625169151928	-0.016409531281553848	-0.007605927876573407	0.036921991922649285	0.010232132149902887	-0.0012971619672919473	-0.001941725554822617	-0.02576988055460958	0.016225213222837334	0.017209837281252655	0.005993117516542895	0.0017333903617665913
12	0.0026907134258142575	-0.01072491674261358	-0.0027831885239566786	0.023195748273190573	0.0021600160771329635	-1.9047934498062735e-10	-0.009951591716502877	-0.004871940045188209	0.0233307894577984	0.00718862604522157	0.0014309559632610087	-0.030245153562638134	0.002963398543816773	0.0037340374301338417	0.0010779257807675968	0.01896581195443937	0.012297669092590401	0.00563681818091446	-0.02978749252194765	-0.006921637187336291	0.0011314803438207681	0.0014737654524671993	0.022449700150113147	-0.015081848914855837	-0.012457607545690585	-0.004335124492476468	-0.001252811013292052
13	-0.002080376639866525	0.00834440271784237	0.0020879097468435768	-0.018169262137329726	-0.0013986748544996372	9.784307067272396e-10	0.007758229597434068	0.0037146059470686207	-0.018380628910470223	-0.005330969058178782	-0.0010575156238424766	0.02421370825143352	-0.0030527727504307124	-0.0028012255409223096	-0.0008086459226444123	-0.015002255200424652	-0.009417718090198096	-0.0042798718250084845	0.024046493817103887	0.004865292160956481	-0.0009594449886362848	-0.0011394709811740958	-0.01902189523620899	0.013254187572725066	0.009283684419326522	0.0032287816963090872	0.0009324488766164435
14	0.0016352770226339465	-0.006590617496109299	-0.0016026043557084712	0.014423726425424247	0.000935683731796227	9.99180937681663e-10	-0.006136939110989139	-0.002888348671640879	0.0146544049433881	0.004053402774292722	0.0008017834484929522	-0.019533391080616743	0.0028591296331489818	0.002150120295114549	0.0006206830738942149	0.011996723122770506	0.007348201439053835	0.0033169199520189842	-0.01951456173076414	-0.0035309356625696847	0.0008052284622282786	0.0008956757536951385	0.015956420090183797	-0.011379813923543071	-0.007087366159494771	-0.0024637643478166516	-0.0007111125682709669
15	-0.0013044832807600469	0.005277195559436743	0.0012542089679453605	-0.011594963000015819	-0.0006436924540523635	1.5613804352974157e-09	0.004919732763811422	0.002284307912802878	-0.011819460605981304	-0.003147519005477888	-0.000621100435169238	0.015895860562258456	-0.0025690114073536672	-0.001682698237201711	-0.0004857565866322318	-0.009698062827270657	-0.005827525919367465	-0.002616300060114235	0.0159514793771539	0.0026326154603206315	-0.0006743660600737342	-0.0007144979917049973	-0.013358646825315623	0.009680908528876014	0.005521921646541058	0.001918815162521549	0.000553576984797988
16	0.0010543907146580828	-0.004278279513511102	-0.0009980586979242158	0.009429675494442194	0.00045368971879878683	8.216868099485396e-10	-0.003992228974457095	-0.0018335497200065787	0.009637379412124208	0.002488365114015082	0.0004900381215916821	-0.013051793483451615	0.0022633691316571074	0.0013390381882705724	0.000386543391609839	0.007921830756374312	0.004688085931925982	0.0020954861139286284	-0.013142548209844555	-0.0020085608759044934	0.0005658467611912948	0.0005775112350417188	0.011206007712950142	-0.008215905832097829	-0.004377836407150481	-0.0015207674113742312	-0.000438558271637961
17	-0.0008623583078963367	0.003507641195111499	0.0008058149867388335	-0.0077507539235557536	-0.0003266388372143651	1.2641848045255584e-09	0.003275609454167973	0.001491062456861393	-0.007938137041648982	-0.0019980028393641355	-0.00039279030966419274	0.010810429632426531	-0.001975808610877214	-0.0010811148318894685	-0.00031209349052207727	-0.00653446068607592	-0.003819455669326691	-0.0017010177088054297	0.010915205350944214	0.0015631464214295278	-0.0004766390024416824	-0.0004723354785130516	-0.009437552909029508	0.006980386697594675	0.003523531940264188	0.0012236525649837685	0.000352770274910045
18	0.0007128266634214151	-0.0029052667152078275	-0.0006589289028463145	0.006433089152761873	0.0002396256645643808	4.1505952644956414e-10	-0.00271478262701112	-0.001226669178539733	0.00659995144135047	0.001626138356095249	0.0003192145688557483	-0.00902871175166774	0.0017184440508000317	0.0008840478043653954	0.00025519996990196853	0.005439278101125578	0.003147041883533484	0.0013972965427575862	-0.009136208575181663	-0.0012376701570276673	0.0004034643354532662	0.00039042973589604486	0.007987390522666359	-0.005948333760063472	-0.00287358849911615	-0.0009977123247923976	-0.0002875436979644049
19	-0.000594901282835366	0.0024287237492896857	0.0005449164963528378	-0.005387224514594028	-0.0001787566992134912	8.415250620682596e-10	0.0022706702655050297	0.0010196516972537858	-0.00553484812113867	-0.001339361526719284	-0.0002625832691418312	0.0075999106456499975	-0.0014937237530170812	-0.0007310829607074715	-0.00021104682251876902	-0.004565914455784004	-0.0026193410848650085	-0.0011600083584863289	0.0077042220415130215	0.000994880172224576	-0.00034333438271398544	-0.0003258423062609471	-0.006796200751510054	0.005088909481012047	0.0023709717046185783	0.0008230302663745983	0.00023714946232337783
20	0.0005008225702621246	-0.0020475516662440785	-0.0004551778807060078	0.004548377064098426	0.00013536366183858534	1.3300508365808504e-10	-0.0019151471455721894	-0.0008554917532212757	0.0046786159114568	0.0011148984459481907	0.0002183361324179231	-0.006444252074717897	0.0012999454040365102	0.0006106867435642312	0.00017628843166436322	0.003862715729638792	0.0022000719968602216	0.0009721973250300163	-0.006542468600760787	-0.0008104467977694252	0.00029375640781279124	0.000274311018369229	0.005814198340769183	-0.004372937918038396	-0.0019766185714261194	-0.0006860239581033505	-0.0001976255743796456
