l	2-222	2-232	2-133	2-242	2-143	2044	3-321	3-222	3-331	3-232	3-133	3-341	3-242	3-143	3044	4-420	4-321	4-222	4-430	4-331	4-232	4-133	4-440	4-341	4-242	4-143	4044
2	0.0	0.0	0.0	0.0	0.0	0.0	0.0	0.0	0.0	0.0	0.0	0.0	0.0	0.0	0.0	0.0	0.0	0.0	0.0	0.0	0.0	0.0	0.0	0.0	0.0	0.0	0.0
3	0.0	0.0	0.0	0.0	0.0	0.0	0.0	0.0	0.0	0.0	0.0	0.0	0.0	0.0	0.0	0.0	0.0	0.0	0.0	0.0	0.0	0.0	0.0	0.0	0.0	0.0	0.0
4	0.014893651844918688	0.05034701033838422	0.030835011535875107	0.08173383445518749	0.07282317377787413	0.03784541671779508	0.05549679646864332	0.02014261572261397	0.10539121693132711	0.054163060214426385	0.013115267166604612	0.10457147793129824	0.05603620330884511	0.009090401069739965	-0.00926597794424473	0.11183077151609973	0.03010770926898297	0.0018205178006011253	0.11604043781060668	0.021806887591652484	-0.013041410120096684	-0.011521366466065427	0.046904214333930334	-0.03411159371242293	-0.05335956694528534	-0.037188661410124724	-0.014736346819589366
5	0.02155458427509094	0.060441798665338664	0.054768011823906795	0.06899268037976941	0.10538858909188756	0.07759342889250316	0.07017422871122656	0.04157311354504727	0.1003472304091363	0.10042912364037324	0.04270244519045484	0.04606556837385981	0.08429166275231395	0.04917936580026378	0.0020772016140853337	0.12381207955446247	0.07870423869062407	0.01907083198469356	0.07196228433476491	0.07768396608270865	0.016811234801044173	-0.012412059364403713	-0.03844505079397432	-0.007572997564454935	-0.04138717040460245	-0.058150528316973836	-0.03848652749457711
6	0.01852162603435699	0.03912860701270278	0.05751957976296279	0.01823303844938441	0.08010395016014736	0.09473302657558112	0.04984196456339631	0.048531726852889916	0.040892978452610626	0.095908962453349	0.06961998407687638	-0.025555181712411865	0.04102574760021854	0.07451045597002799	0.03372084584797584	0.07170018097688177	0.09340196976675956	0.043111355094656974	-0.005194931652899187	0.07032098720976349	0.06280360601771248	0.010428867925790865	-0.06477926504187517	-0.03239587186632692	-0.00462647423489721	-0.0308921853578098	-0.04602100419540199
7	0.01316425781222772	0.02094072892992276	0.04649137294023689	1.8078346776443755e-08	0.04164107657597544	0.08657447403766903	0.029815914876146887	0.041363910672022504	0.01259476480966542	0.06116793177253605	0.07498861565300687	-0.01956599299282402	-0.008253035215966202	0.055931242375320364	0.05988953244022393	0.036548099845399015	0.07052381718246349	0.0540346779486176	-0.01405643024661648	0.02092248001588031	0.06970398918297233	0.04089035500351955	-0.016537100715755846	-0.05912899072291392	-0.016784067066392516	0.005449812690627896	-0.024267016644785974
8	0.009216822657687598	0.012463416154828343	0.0343451465013586	2.221764290229546e-06	0.0198267909301517	0.0686913273175397	0.019080633312787792	0.031158550396819713	0.007141242051644534	0.035020935137884894	0.06425582057916876	-0.004824298301369582	-0.016717010515458156	0.024719787180916462	0.0656353120930868	0.022897787751827287	0.046265703325561534	0.04946489769556742	-0.005045250508817881	3.965633175295464e-07	0.04597423971206707	0.05552214960306066	-0.000677076643131695	-0.03381565038912914	-0.040972083086501	0.007959668038767923	0.0059550028972432415
9	0.00655599364646452	0.007985310017704465	0.025148479631743607	8.048556680702031e-09	0.010371059069498437	0.05209327886225579	0.012853669918873056	0.023043315158278167	0.004406137956851277	0.021789034249778096	0.050409103537993376	-0.003094676350928253	-0.01070995641497549	0.007111311881540439	0.05808872230133323	0.01520884972364415	0.03166629416158153	0.039839744891246885	-0.003592043404618442	-0.0011612325654793273	0.026014828656477085	0.053461463284200914	-0.0037368330157273423	-0.012876616447731486	-0.03689903119976164	-0.006768492504554459	0.023377123649635245
10	0.004767723293093481	0.005403141211847308	0.018618645161523853	-4.378266457018926e-09	0.005828033580312152	0.039368339046099106	0.009017704623196388	0.01716184389669947	0.00289569261304922	0.014411531274152697	0.03881912269825956	-0.002092641073788123	-0.007249069407264114	0.0003634463795208127	0.04747980678729053	0.010565517431116719	0.02245735039314301	0.031110598666599872	-0.0026114003329703	-0.0013810677552378717	0.01584967437796233	0.04529297254578501	-0.002485417439526738	-0.008591405194686805	-0.02463634758871845	-0.014980434685311352	0.027509529086809283
11	0.003545098408185847	0.003813289348076498	0.014010914496986614	1.9987088174576796e-09	0.003466805282089682	0.030023386896088012	0.006538428157148413	0.012965178669337038	0.0019971091052828167	0.009990733321823566	0.029956592816305794	-0.0014768746101278742	-0.0051160666418428825	-0.002161922553425003	0.03795199253720505	0.007605927876573402	0.016409531281553834	0.024213625169151935	-0.001941725554822621	-0.0012971619672919425	0.010232132149902871	0.03692199192264927	-0.0017333903617665852	-0.005993117516542914	-0.0172098372812526	-0.016225213222837376	0.025769880554609586
12	0.0026907134258142623	0.002783188523956693	0.010724916742613595	-1.904793218190006e-10	0.0021600160771329843	0.023195748273190597	0.00487194004518822	0.009951591716502884	0.0014309559632610291	0.007188626045221586	0.02333078945779841	-0.001077925780767571	-0.003734037430133831	-0.0029633985438167806	0.030245153562638172	0.005636818180914499	0.012297669092590403	0.018965811954439388	-0.001473765452467172	-0.001131480343820767	0.00692163718733629	0.029787492521947675	-0.0012528110132920352	-0.004335124492476489	-0.01245760754569059	-0.015081848914855877	0.02244970015011317
13	0.002080376639866523	0.0020879097468435672	0.008344402717842375	-9.784307339762124e-10	0.0013986748544996222	0.018169262137329754	0.00371460594706861	0.007758229597434077	0.0010575156238424505	0.005330969058178773	0.018380628910470244	-0.0008086459226444593	-0.0028012255409223166	-0.0030527727504307315	0.024213708251433576	0.0042798718250084584	0.009417718090198098	0.01500225520042468	-0.0011394709811741448	-0.0009594449886362792	0.0048652921609564775	0.024046493817103942	-0.000932448876616483	-0.0032287816963090608	-0.009283684419326511	-0.01325418757272513	0.019021895236209067
14	0.0016352770226339425	0.0016026043557084587	0.006590617496109296	9.991809342755416e-10	0.0009356837317961885	0.014423726425424251	0.002888348671640865	0.006136939110989135	0.0008017834484929331	0.004053402774292682	0.014654404943388124	-0.0006206830738941923	-0.0021501202951145744	-0.0028591296331490525	0.01953339108061681	0.00331691995201896	0.007348201439053807	0.01199672312277053	-0.0008956757536951208	-0.0008052284622283224	0.0035309356625696465	0.019514561730764227	-0.0007111125682709324	-0.002463764347816622	-0.007087366159494814	-0.011379813923543118	0.01595642009018391
15	0.0013044832807600458	0.0012542089679453497	0.005277195559436739	-1.5613804298476212e-09	0.0006436924540523349	0.011594963000015831	0.0022843079128028743	0.0049197327638114225	0.0006211004351692393	0.003147519005477855	0.011819460605981323	-0.0004857565866321957	-0.0016826982372017425	-0.0025690114073537228	0.015895860562258515	0.00261630006011423	0.005827525919367441	0.009698062827270683	-0.0007144979917049701	-0.0006743660600737792	0.002632615460320612	0.015951479377153983	-0.000553576984797927	-0.0019188151625215706	-0.005521921646541085	-0.009680908528876054	0.01335864682531572
16	0.001054390714658088	0.000998058697924215	0.004278279513511128	8.216867830401791e-10	0.00045368971879879844	0.009429675494442243	0.0018335497200065846	0.0039922289744571205	0.0004900381215916544	0.0024883651140151187	0.009637379412124251	-0.0003865433916099201	-0.0013390381882705522	-0.0022633691316570823	0.013051793483451663	0.0020954861139286193	0.0046880859319260336	0.007921830756374345	-0.0005775112350417897	-0.0005658467611912442	0.002008560875904521	0.013142548209844588	-0.00043855827163806813	-0.0015207674113741838	-0.00437783640715047	-0.008215905832097872	0.011206007712950161
17	0.0008623583078963502	0.000805814986738874	0.0035076411951115373	-1.2641847493463887e-09	0.0003266388372144257	0.007750753923555801	0.0014910624568614372	0.003275609454168003	0.0003927903096642663	0.0019980028393641863	0.007938137041649017	-0.00031209349052200306	-0.001081114831889452	-0.0019758086108771808	0.010810429632426545	0.0017010177088055136	0.0038194556693267306	0.006534460686075941	-0.0004723354785129753	-0.00047663900244167897	0.0015631464214295558	0.01091520535094421	-0.00035277027490999817	-0.001223652564983821	-0.0035235319402642513	-0.006980386697594647	0.009437552909029466
18	0.0007128266634214148	0.000658928902846311	0.002905266715207826	4.1505951078140485e-10	0.00023962566456438454	0.0064330891527618695	0.0012266691785397302	0.002714782627011119	0.00031921456885573537	0.0016261383560952575	0.006599951441350468	-0.0002551999699019788	-0.0008840478043654332	-0.0017184440507999773	0.009028711751667712	0.001397296542757576	0.003147041883533492	0.005439278101125576	-0.00039042973589606156	-0.00040346433545328307	0.0012376701570277204	0.009136208575181623	-0.0002875436979643658	-0.0009977123247924872	-0.002873588499116105	-0.005948333760063407	0.007987390522666286
19	0.000594901282835358	0.0005449164963528208	0.002428723749289666	-8.415251077102887e-10	0.00017875669921348848	0.005387224514593981	0.0010196516972537646	0.00227067026550501	0.0002625832691417835	0.0013393615267192852	0.005534848121138622	-0.00021104682251888414	-0.0007310829607074285	-0.0014937237530170577	0.0075999106456499255	0.0011600083584862812	0.002619341084865007	0.004565914455783958	-0.000325842306261037	-0.00034333438271391117	0.0009948801722245674	0.007704222041512943	-0.00023714946232352303	-0.0008230302663744847	-0.002370971704618512	-0.005088909481012054	0.006796200751510002
20	0.000500822570262126	0.0004551778807060356	0.00204755166624406	1.3300518090285616e-10	0.0001353636618386012	0.0045483770640983735	0.0008554917532212984	0.0019151471455721662	0.00021833613241802838	0.0011148984459481617	0.004678615911456744	-0.000176288431664181	-0.0006106867435642051	-0.0012999454040365755	0.006444252074717848	0.0009721973250300943	0.002200071996860158	0.0038627157296387484	-0.00027431101836905596	-0.000293756407812846	0.0008104467977693411	0.006542468600760758	-0.0001976255743794768	-0.0006860239581034162	-0.0019766185714261385	-0.004372937918038442	0.005814198340769225
