l	223-3	214-4	224-3	332-2	323-3	333-2	314-4	324-3	334-2	432-2	442-1	423-3	433-2	443-1	414-4	424-3	434-2	444-1
2	0.0	0.0	0.0	0.0	0.0	0.0	0.0	0.0	0.0	0.0	0.0	0.0	0.0	0.0	0.0	0.0	0.0	0.0
3	0.0	0.0	0.0	0.0	0.0	0.0	0.0	0.0	0.0	0.0	0.0	0.0	0.0	0.0	0.0	0.0	0.0	0.0
4	0.0	0.0	0.0	0.0	0.0	0.0	0.0	0.0	0.0	0.0	0.0	0.0	0.0	0.0	0.0	0.0	0.0	0.0
5	0.016040525134107954	-0.02947084267840824	-0.041670948126712896	0.016040525134107954	-0.023727903136809777	-0.05218971802814807	0.014142561306208837	0.04868066657017226	0.0784816183202195	-0.013895060898008205	-0.049111360891298146	0.0031787342561835114	0.032248230081032794	0.0876306513575365	0.012136044023635223	0.011317130141938078	-0.018976498616791796	-0.07519661536194056
6	-0.02044250048270875	0.04622660803559162	0.04084805238296979	-0.02044250048270875	0.042800826509867156	0.053950744547538745	-0.039648812644704545	-0.07412175591124558	-0.052018496223183004	0.029966846556635913	0.05392078246287886	-0.022518585956750676	-0.06768434773075363	-0.06843777722569103	-0.010489061642530603	0.014925638716400095	0.04598866131850132	0.01412576829942013
7	0.016032582624740947	-0.04418513051898003	-0.02082053221262501	0.016032582624740947	-0.04506032970558843	-0.030819700644094845	0.05780638351308567	0.05679727396786398	0.006341909581057082	-0.03471796315256961	-0.03435816286027347	0.04401907259088825	0.06501910498994691	0.02103723738329765	-0.01108030143348142	-0.04182920685677372	-0.01996843450790511	0.029264052877720374
8	-0.01058403397127296	0.03305651100951983	0.008247287567440802	-0.01058403397127296	0.035380237615133585	0.014712553905736399	-0.05700045360326329	-0.02656147343893941	0.004850993136686469	0.02841688160711872	0.0187944542902838	-0.04983055813411943	-0.03849396619208592	-0.0036367237291448735	0.034314218946545454	0.03450427174672501	-0.014030874089184657	-0.01583417066513552
9	0.006918153012408911	-0.022789375722458274	-0.0037187333113670976	0.006918153012408911	-0.02483927390584019	-0.007903402232641467	0.04536976658121611	0.00977482813169324	-0.002664788539437988	-0.02024645171268873	-0.011102513963342069	0.04214331614394919	0.01955275820117548	0.0016415339520130508	-0.0422337425941046	-0.012737878812768758	0.016811355063214083	0.003970858534147345
10	-0.0046108756051827455	0.01563825011322903	0.0018429870447581507	-0.004610875605182744	0.017206315814152377	0.004616330546014696	-0.03331988800748017	-0.003634414424277356	0.001586183140231357	0.014129554586354667	0.006950334887059598	-0.031723786889227786	-0.010903245807930066	-0.0008126858258175351	0.03777794957734874	0.00054598882527569	-0.009887023104179417	-0.0023369848426249727
11	0.0031521596250048767	-0.010886868107435159	-0.0009827453429252012	0.0031521596250048745	-0.012046885166972892	-0.0028718570975024807	0.024123167527021563	0.001227402888726829	-0.001000882863333241	-0.009936655905226207	-0.004555497230694263	0.023273959680522503	0.006524607814457937	0.00043334691765858804	-0.030027440288226584	0.0030911320419730547	0.006187140488928114	0.0014601174131972745
12	-0.0022100216535949047	0.007727227514166019	0.0005556594194851528	-0.0022100216535949043	0.008582883626121031	0.0018768479139151248	-0.017559934403544517	-0.00025568118819370477	0.0006615557216848528	0.007100080160222369	0.003099623229452855	-0.017080947055929895	-0.004127412711831029	-0.0002450246485807358	0.023074418042243854	-0.0038351486132570814	-0.004061566465097435	-0.0009580929537550653
13	0.0015861248580089514	-0.0055946828393425895	-0.0003296701750841157	0.0015861248580089514	-0.006230737438847733	-0.001276175525903075	0.012937994105318412	-0.00013002099709751534	-0.00045397637806307047	-0.005164827507354833	-0.002175710301590111	0.01265456229886094	0.0027304966570577483	0.00014537025425960764	-0.017608389468067667	0.0036170146444676732	0.0027717356682854894	0.0006536218068487916
14	-0.0011626748526664724	0.004127941843423743	0.00020364441284571164	-0.0011626748526664718	0.004606260605905631	0.0008965211462371183	-0.00966830489023702	0.0002677252269162891	0.00032132615727441575	0.0038239794221562643	0.00156797840817319	-0.009493721881851594	-0.0018740938487467006	-8.979879286059281e-05	0.013483755375707077	-0.0031268096885044257	-0.0019529969141554146	-0.0004604210619996275
15	0.000868591657047016	-0.0030993491849771937	-0.0001301929911828699	0.0008685916570470153	-0.0034636521623450005	-0.0006472738712748736	0.007329267450301302	-0.0002995307632209432	-0.00023344094543344124	-0.002878696770888874	-0.001155863524230222	0.007217995610619197	0.001326506001268213	5.740997167815843e-05	-0.010405876102156937	0.0026103597579150203	0.0014135453366742351	0.0003331692333957047
16	-0.0006600154067892633	0.0023644249055456822	8.57388863763069e-05	-0.0006600154067892633	0.002645436448505539	0.00047832659520664667	-0.005633260413694894	0.0002874311733891753	0.00017341186267856449	0.0022006215502981823	0.0008689770324726553	-0.005560221872907976	-0.0009637502837764318	-3.7806832875818745e-05	0.008107071510200958	-0.0021485034948536077	-0.0010467763046200411	-0.0002466773965083304
17	0.0005092353790949962	-0.0018300779306890758	-5.7943619032215256e-05	0.000509235379094996	-0.002049499450629618	-0.000360642254252761	0.0043861615882951266	-0.0002589989417555713	-0.0001313225248904151	-0.0017060994801760465	-0.0006646557448219176	0.004336973616624525	0.0007160632151954392	2.555105783505052e-05	-0.006379461883778728	0.0017603434728045936	0.0007906335549035107	0.00018628417117512629
18	-0.0003983356874776717	0.0014352512300884275	4.0061192533893927e-05	-0.0003983356874776711	0.0016085594885495728	0.00027670907750941955	-0.0034564878602771983	0.00022646783618917403	0.00010113888274165268	0.001339814105824515	0.0005161871312336602	-0.0034226060884097512	-0.0005424763571451707	-1.766488587851891e-05	0.00506995932567843	-0.0014428114937096994	-0.0006075445010586162	-0.00014312835296462337
19	0.0003154797215427903	-0.0011391609145154759	-2.8263904376264656e-05	0.00031547972154279125	-0.0012775203581583035	-0.0002156022039194579	0.002754324285763785	-0.00019507536586597913	-7.905714264364096e-05	-0.0010645899085633284	-0.0004063677694348435	0.002730514206177082	0.00041802336634116796	1.2463401495534353e-05	-0.004067903970652947	0.0011860294451487932	0.000473994404735185	0.00011165094670531392
20	-0.0002526876601550847	0.000914076360192151	2.0304411874541266e-05	-0.00025268766015508454	0.0010256384194965518	0.00017029786664924328	-0.002217432914945272	0.00016683333194757597	6.261942793026748e-05	0.000855031319794069	0.0003238353031633728	-0.0022003989611722127	-0.0003269977664876224	-8.95310393629255e-06	0.0032936234120476836	-0.0009791550971789064	-0.00037481543080238966	-8.828150058842487e-05
